5.005561688051135860e+01 9.974338546088237933e+01
4.980585804455187571e+01 1.303205942828050752e+02
4.996577273584970413e+01 1.608496573244578087e+02
7.958575384191684066e+01 1.001894051316878063e+02
7.950984151685088364e+01 1.312203871355538070e+02
7.969395437568276463e+01 1.620291881130193303e+02
1.097309587285369048e+02 1.006411143975273603e+02
1.097726979104873948e+02 1.319019637490454215e+02
1.099388603131700108e+02 1.629067822307006566e+02
1.402569904192421859e+02 1.009392626682391381e+02
1.403405530995190134e+02 1.323762399894281714e+02
1.404034723944565712e+02 1.634363903610824309e+02
1.708393898645545619e+02 1.010904810187419969e+02
1.709431896401578399e+02 1.324597339041611406e+02
1.709043707092236275e+02 1.635330293291990245e+02
2.011825859287496883e+02 1.010934762542442513e+02
2.013159150868326321e+02 1.322273856050922234e+02
2.011986740536629554e+02 1.630656487654021021e+02
