8.000000000000000000e+01 8.000000000000000000e+01
8.000000000000000000e+01 1.600000000000000000e+02
8.000000000000000000e+01 2.400000000000000000e+02
1.600000000000000000e+02 8.000000000000000000e+01
1.600000000000000000e+02 1.600000000000000000e+02
1.600000000000000000e+02 2.400000000000000000e+02
2.400000000000000000e+02 8.000000000000000000e+01
2.400000000000000000e+02 1.600000000000000000e+02
2.400000000000000000e+02 2.400000000000000000e+02
3.200000000000000000e+02 8.000000000000000000e+01
3.200000000000000000e+02 1.600000000000000000e+02
3.200000000000000000e+02 2.400000000000000000e+02
4.000000000000000000e+02 8.000000000000000000e+01
4.000000000000000000e+02 1.600000000000000000e+02
4.000000000000000000e+02 2.400000000000000000e+02
4.800000000000000000e+02 8.000000000000000000e+01
4.800000000000000000e+02 1.600000000000000000e+02
4.800000000000000000e+02 2.400000000000000000e+02
